La clé publique est: n=364825199 e=3809
-----Coded message -----
string[] messages = new string[] {
42318337,
180709179,
249903126,
65180209,
327950084,
99259190,
180709179,
294437945,
99259190,
167785286,
53556675,
280936332,
70111939,
304943414,
9588392,
184329508,
183935437,
180709179,
249903126,
65180209,
215228647,
99259190,
180709179,
294437945,
99259190,
304943414,
200412084,
14383554,
349273037,
265539067,
58616223,
70111939,
338704128,
259342028,
254511429,
338704128,
336620996,
144543198,
41084827,
160800993,
43242702,
162403213,
38972580,
209096878,
201977786,
44299941,
7494976,
184554649,
322693638,
227046200,
119769708,
108103468,
848083,
243188671,
337505767
};
-----End coded message -----